LIGAND : BEFORE_INTERNAL : AFTER_INTERNAL : DELTA_ENERGY
C6H14_4_1 :  20.312099 : 13.226226 : -7.085874 : 16.201647 : 9.350822 : -6.850824
C6H14_4_2 :  52.360748 : 10.893294 : -41.467453 : 46.781605 : 6.706259 : -40.075348
C6H14_4_3 :  52.259033 : 10.890912 : -41.368122 : 46.665455 : 6.692047 : -39.973408
