LIGAND : BEFORE_INTERNAL : AFTER_INTERNAL : DELTA_ENERGY
C6H14_3_1 :  17.283112 : 9.544039 : -7.739073 : 13.509928 : 6.186278 : -7.323650
C6H14_3_2 :  43.239887 : 8.958825 : -34.281063 : 37.905327 : 5.130399 : -32.774929
C6H14_3_3 :  43.382954 : 8.962947 : -34.420006 : 38.048824 : 5.133590 : -32.915234
C6H14_3_4 :  56.146076 : 9.501439 : -46.644638 : 51.023964 : 6.062637 : -44.961327
C6H14_3_5 :  56.064819 : 9.530391 : -46.534428 : 50.929543 : 6.135234 : -44.794308
