LIGAND : BEFORE_INTERNAL : AFTER_INTERNAL : DELTA_ENERGY
C6H14_1_1 :  6.335588 : 4.618983 : -1.716605 : 3.418536 : 3.511877 : 0.093341
C6H14_1_2 :  31.564949 : 5.439244 : -26.125706 : 27.183409 : 3.460174 : -23.723234
C6H14_1_3 :  31.564949 : 5.404343 : -26.160606 : 27.183409 : 3.431656 : -23.751753
C6H14_1_4 :  31.453730 : 5.445377 : -26.008352 : 27.099585 : 3.447186 : -23.652399
C6H14_1_5 :  31.453730 : 5.414105 : -26.039625 : 27.099585 : 3.439074 : -23.660511
C6H14_1_6 :  36.051262 : 5.447586 : -30.603676 : 31.674679 : 3.458982 : -28.215696
C6H14_1_7 :  36.051262 : 5.496223 : -30.555038 : 31.674681 : 3.486684 : -28.187996
C6H14_1_8 :  56.898556 : 6.157343 : -50.741211 : 51.079510 : 3.426457 : -47.653053
C6H14_1_9 :  56.898556 : 6.177320 : -50.721237 : 51.079510 : 3.342697 : -47.736813
C6H14_1_10 :  56.923111 : 6.374140 : -50.548973 : 51.085022 : 3.452960 : -47.632061
C6H14_1_11 :  56.923111 : 6.359092 : -50.564018 : 51.085022 : 3.449028 : -47.635994
