LIGAND : BEFORE_INTERNAL : AFTER_INTERNAL : DELTA_ENERGY
C6H14_5_1 :  22.111391 : 12.363794 : -9.747597 : 17.549145 : 8.657555 : -8.891590
C6H14_5_2 :  29.781197 : 12.354765 : -17.426432 : 23.712942 : 8.638504 : -15.074438
C6H14_5_3 :  30.672119 : 12.357372 : -18.314747 : 24.658731 : 8.647376 : -16.011356
