LIGAND : BEFORE_INTERNAL : AFTER_INTERNAL : DELTA_ENERGY
C6H14_2_1 :  11.191995 : 7.604795 : -3.587200 : 7.538713 : 5.360912 : -2.177801
C6H14_2_2 :  31.031597 : 7.645477 : -23.386120 : 26.068020 : 4.546038 : -21.521982
C6H14_2_3 :  31.346668 : 7.590407 : -23.756262 : 26.474596 : 5.328766 : -21.145830
C6H14_2_4 :  54.747673 : 7.950062 : -46.797611 : 49.649540 : 4.716773 : -44.932766
